### Initial Prob Right
0.39622	0.169812	0.18239	0.0943429	0.157234	
### Initial Prob Left
0.106921	0.11321	0.0943429	0.0817647	0.603761	
### Transition Prob Right
0.0337035	0.397171	0.198123	0.150674	0.220328	
0.317849	0.0170221	0.273942	0.225422	0.165765	
0.277559	0.329458	0.0244968	0.131202	0.237285	
0.384084	0.16914	0.242835	0.0150975	0.188843	
0.524839	0.198501	0.112848	0.143469	0.0203428	
### Transition Prob Left
0.0311415	0.283748	0.125678	0.135688	0.423745	
0.564122	0.0263574	0.182533	0.0812354	0.145751	
0.412022	0.341265	0.0115845	0.108641	0.126487	
0.332893	0.378188	0.175022	0.00747624	0.106421	
0.445127	0.203178	0.19661	0.108898	0.0461866	
### Transition Prob 2nd Right
0.0796837	0.48605	0.135459	0.0916356	0.207171	
0.171906	0.0157194	0.326421	0.259197	0.226756	
0.256204	0.32126	0.0395713	0.121395	0.261569	
0.343999	0.203556	0.216889	0.0195564	0.216	
0.515388	0.25528	0.0935429	0.11889	0.0168986	
0.0615233	0.3883	0.199193	0.149773	0.20121	
0.320749	0.0188765	0.226414	0.207547	0.226414	
0.30549	0.19743	0.0134351	0.186332	0.297313	
0.52624	0.153192	0.131206	0.0078021	0.18156	
0.612461	0.170399	0.0798448	0.115872	0.0214225	
0.0352594	0.32183	0.261065	0.2018	0.180045	
0.529746	0.0215196	0.249367	0.132279	0.067089	
0.20339	0.161019	0.059328	0.14407	0.432194	
0.279809	0.165342	0.297297	0.0158997	0.241653	
0.508383	0.174757	0.177405	0.122683	0.0167704	
0.0134234	0.358389	0.238926	0.142953	0.246309	
0.432266	0.0228324	0.185693	0.170472	0.188737	
0.237792	0.550954	0.0201708	0.0721875	0.118896	
0.406762	0.0678078	0.254233	0.0508601	0.220337	
0.441415	0.149864	0.108992	0.268392	0.0313363	
0.0188066	0.457072	0.144726	0.134505	0.24489	
0.344492	0.00972025	0.215983	0.316414	0.113391	
0.335237	0.42095	0.0152399	0.0857154	0.142858	
0.252238	0.155224	0.473132	0.0179118	0.101493	
0.616999	0.148939	0.0531993	0.159577	0.0212861	
### Transition Prob 2nd Left
0.134531	0.260088	0.0672676	0.107625	0.430488	
0.379666	0.0157175	0.313359	0.12279	0.168468	
0.433332	0.354444	0.00888995	0.0422231	0.161111	
0.41581	0.41273	0.119097	0.00410778	0.0482554	
0.478863	0.176024	0.199141	0.103369	0.0426026	
0.0246743	0.341558	0.11914	0.139232	0.375396	
0.41044	0.16418	0.119406	0.0597067	0.246267	
0.335861	0.190683	0.020586	0.275189	0.177682	
0.307316	0.287804	0.209756	0.0146364	0.180488	
0.419266	0.327	0.14654	0.0692003	0.037993	
0.0145601	0.333333	0.17931	0.121839	0.350957	
0.69032	0.0248856	0.122581	0.0599085	0.102305	
0.162167	0.648588	2.70234e-05	0.0540738	0.135144	
0.297686	0.205202	0.228323	0.00867329	0.260115	
0.354998	0.19	0.309999	0.0950013	0.0500019	
0.0159799	0.250333	0.114515	0.199734	0.419439	
0.698243	0.0350887	0.0923983	0.0654979	0.108772	
0.351008	0.497471	0.00505297	0.0378808	0.108587	
0.235284	0.529315	0.117671	5.88062e-05	0.117671	
0.371897	0.185951	0.157026	0.252065	0.0330613	
0.0446606	0.187379	0.111165	0.119903	0.536892	
0.720709	0.0209214	0.0627622	0.0345197	0.161088	
0.50379	0.399782	0.00866843	0.041171	0.046588	
0.225681	0.488324	0.22179	0.00778397	0.0564216	
0.327186	0.235022	0.156683	0.142858	0.13825	
### Transition Prob 3rd Right
0.249988	0.349963	0.100025	0.150012	0.150012	
0.180329	8.19639e-06	0.352453	0.172132	0.295078	
0.264696	0.205881	0.147067	0.176474	0.205881	
0.304325	4.34688e-05	0.304325	0.0869811	0.304325	
0.34614	0.134622	0.134622	0.326911	0.057706	
0.0409372	0.479529	0.169591	0.103315	0.206628	
0.19149	2.12743e-05	0.212765	0.276588	0.319136	
0.243576	0.140802	0.00513975	0.231243	0.379239	
0.476682	0.168394	0.0764257	0.00518261	0.273316	
0.673189	0.144579	0.0421699	0.114458	0.0256037	
0.026249	0.212598	0.427819	0.2021	0.131234	
0.38025	0.0210103	0.220588	0.283613	0.0945389	
0.135599	0.186442	0.0169647	0.0508601	0.610135	
0.245809	0.178772	0.324019	0.0223513	0.229049	
0.546387	0.203608	0.157217	0.0695893	0.0231982	
0.00775442	0.165375	0.245477	0.222222	0.359171	
0.315553	0.0355592	0.222222	0.071114	0.355552	
0.227272	0.60743	0.00826842	0.0495899	0.10744	
0.454488	0.0454897	0.227267	0.0454897	0.227267	
0.272726	0.22314	0.136365	0.363633	0.00413628	
0.0152414	0.192263	0.0844086	0.178195	0.529893	
0.21513	0.00945852	0.269503	0.406617	0.099292	
0.29032	0.438702	0.0129093	0.15484	0.103229	
0.192894	0.238578	0.50253	0.0101571	0.0558412	
0.62955	0.222218	0.0740974	0.0370672	0.0370672	
0.0420234	0.56301	0.134457	0.0588295	0.201681	
0.264744	0.0157286	0.384009	0.152032	0.183486	
0.192893	0.444159	0.0253829	0.164975	0.172589	
0.163266	0.170069	0.472784	0.00680601	0.187075	
0.426765	0.20202	0.174243	0.186869	0.0101034	
0.176474	0.352919	0.235289	0.117659	0.117659	
0.499252	0.499252	0.000498753	0.000498753	0.000498753	
0.208332	0.374964	0.0416996	0.24999	0.125016	
0.681709	4.54442e-05	0.136378	4.54442e-05	0.181822	
0.541596	0.291648	0.0416996	0.125016	4.1658e-05	
0.0326312	0.391553	0.168906	0.176584	0.230326	
0.519283	0.00890491	0.341244	0.0712185	0.0593493	
0.260856	0.0435123	0.13045	0.347794	0.217388	
0.310343	0.131663	0.275861	0.00940738	0.272726	
0.562871	0.0878255	0.181637	0.149701	0.0179659	
0.0121964	0.432248	0.246612	0.0623316	0.246612	
0.388885	0.00926367	0.185186	0.33333	0.083336	
0.206522	0.423907	0.0543518	0.0326132	0.282606	
0.272694	0.0909587	0.45443	0.0909587	0.0909587	
0.68503	0.0944903	0.0314994	0.125986	0.0629948	
0.0175174	0.584392	0.160828	0.135351	0.101912	
0.417137	0.011434	0.125716	0.131431	0.314282	
0.287495	0.449984	0.0250109	0.087507	0.150003	
0.159666	0.14286	0.487383	0.0420234	0.168069	
0.545376	0.181822	0.0909339	0.136378	0.0454897	
0.065232	0.565178	0.0869688	0.108706	0.173916	
0.230047	0.0305184	0.460091	0.166667	0.112677	
0.318839	0.330433	0.0434805	0.113045	0.194203	
0.24719	0.273407	0.131087	0.0149847	0.333331	
0.271965	0.447694	0.125525	0.150629	0.0041882	
0.0701338	0.377266	0.2237	0.159613	0.169287	
0.424208	0.0303287	0.272716	0.0303287	0.242418	
0.310076	0.348835	0.0103384	0.155039	0.175711	
0.473678	0.076558	0.354063	0.0191431	0.076558	
0.452818	0.150946	0.21698	0.179246	9.43352e-06	
0.0833576	0.45828	0.0833576	0.208332	0.166674	
0.315759	0.210524	0.315759	0.157906	5.26177e-05	
0.000142755	0.142898	0.142898	0.571163	0.142898	
0.176478	0.352896	0.29409	0.058865	0.117671	
0.352926	0.294108	0.274502	0.0588374	0.0196255	
0.0287406	0.505738	0.189655	0.126439	0.149427	
0.480756	0.0384693	0.182693	0.105774	0.192308	
0.340537	0.443237	0.00541066	0.167568	0.0432475	
0.29995	0.10005	0.29995	9.995e-05	0.29995	
0.390722	0.0927188	0.158942	0.331121	0.0264958	
0.0156538	0.577388	0.227826	0.0852184	0.093914	
0.365478	5.07601e-06	0.213198	0.406086	0.0152331	
0.318405	0.447755	0.00995498	0.039805	0.18408	
0.201439	0.136693	0.489198	0.0287831	0.143887	
0.789319	5.26177e-05	0.0526703	0.157906	5.26177e-05	
0.2	0.150012	0.299975	0.100025	0.249988	
0.0900573	0.0150111	0.281425	0.390242	0.223264	
0.360793	0.298294	0.0568202	0.0852289	0.198864	
0.452375	0.157144	0.123811	0.0238137	0.242856	
0.370877	0.428568	0.0824192	0.0934081	0.0247277	
0.0889699	0.313165	0.156584	0.160143	0.281137	
0.466578	6.66445e-05	0.2	0.333289	6.66445e-05	
0.360649	0.0983648	0.0573829	0.0983648	0.385238	
0.414405	0.342336	0.135138	0.0180262	0.090095	
0.59348	0.170733	0.146344	0.0894354	8.12975e-06	
0.0625031	0.41071	0.174108	0.227678	0.125002	
0.686042	0.0290714	0.184109	0.0755826	0.0251955	
0.368377	0.263141	0.0526703	0.105288	0.210524	
0.253727	0.179106	0.358197	0.0298634	0.179106	
0.160716	0.437489	0.14286	0.258926	8.92817e-06	
0.0454897	0.499932	0.181822	0.136378	0.136378	
0.000249688	0.000249688	0.249938	0.499625	0.249938	
0.2	0.733156	0.0667111	6.66445e-05	6.66445e-05	
0.333111	0.333111	0.333111	0.000332779	0.000332779	
0.461438	0.0769704	0.153864	0.153864	0.153864	
0.0247705	0.668723	0.142416	0.102169	0.0619216	
0.672706	0.0272806	0.127276	0.136367	0.0363711	
0.499981	0.287495	0.0250109	0.0625086	0.125005	
0.406086	0.101525	0.40101	0.00508109	0.0862973	
0.565138	0.13045	4.34688e-05	0.304325	4.34688e-05	
0.065232	0.41302	0.130442	0.130442	0.260863	
0.128367	0.0116705	0.252244	0.309694	0.298025	
0.163842	0.206215	0.0254262	0.110171	0.494346	
0.518629	0.223602	0.108697	0.027953	0.121119	
0.773485	0.120806	0.0318806	0.0570482	0.0167801	
0.0377384	0.327042	0.220125	0.198113	0.216981	
0.333259	0.000111049	0.22221	0.333259	0.11116	
0.569991	0.215	0.0300042	0.080003	0.105002	
0.724129	0.106898	0.113795	0.00345166	0.0517267	
0.438084	0.333327	0.104766	0.0857197	0.0381029	
0.0228622	0.234285	0.302854	0.239999	0.2	
0.538454	0.00905409	0.303165	0.0362028	0.113124	
0.125047	0.125047	0.125047	0.000124922	0.624735	
0.266659	0.266659	0.266659	2.22198e-05	0.2	
0.559976	0.14667	0.226665	0.0666756	1.33324e-05	
0.0120539	0.301202	0.246987	0.337345	0.102413	
0.721129	0.00962454	0.115389	0.105774	0.0480842	
0.206349	0.634914	0.0158759	0.0603197	0.0825415	
0.499875	8.32986e-05	0.0833819	0.0833819	0.333278	
0.220587	0.249996	0.176472	0.35293	1.47048e-05	
0.0701868	0.561372	0.0526445	0.157898	0.157898	
0.42849	7.14031e-05	0.42849	0.0714745	0.0714745	
0.5996	0.2	0.0001998	0.2	0.0001998	
0.2	0.0667111	0.733156	6.66445e-05	6.66445e-05	
0.000498753	0.499252	0.000498753	0.499252	0.000498753	
### Transition Prob 3rd Left
0.633261	0.0333611	0.0333611	3.33278e-05	0.299983	
0.137936	0.0517369	0.517214	0.206896	0.0862167	
0.266644	0.599867	6.66445e-05	6.66445e-05	0.133356	
0.0435123	0.608607	0.0435123	4.34688e-05	0.304325	
0.347818	0.228259	0.0869627	0.0652247	0.271735	
0.0117968	0.431191	0.155964	0.0838802	0.317168	
0.156257	0.0937666	0.156257	0.125012	0.468708	
0.274881	0.167457	0.0126397	0.315955	0.229068	
0.238866	0.218623	0.259108	0.0202466	0.263157	
0.45882	0.32941	0.141177	0.0411788	0.0294143	
0.0234398	0.268228	0.21875	0.177084	0.312499	
0.471694	0.0188708	0.18239	0.110064	0.216981	
0.249969	0.499813	0.000124922	0.125047	0.125047	
0.189191	0.243237	0.270261	2.70234e-05	0.297284	
0.444436	0.180556	0.243054	0.0972258	0.034728	
0.00746508	0.141792	0.104479	0.263681	0.482584	
0.699994	0.0325021	0.0850014	0.0275022	0.155001	
0.267238	0.637912	8.62032e-06	0.0517305	0.0431102	
0.249938	0.499625	0.249938	0.000249688	0.000249688	
0.510605	0.127667	0.212765	0.106393	0.0425699	
0.0282293	0.0980949	0.0769235	0.129146	0.667606	
0.75894	0.0169509	0.0640314	0.0376663	0.122411	
0.577626	0.372286	0.00334054	0.0150266	0.0317209	
0.277954	0.530346	0.150161	0.00319803	0.0383412	
0.382805	0.218749	0.140627	0.164064	0.0937542	
0.0434896	0.376799	0.0434896	0.202898	0.333324	
0.420453	0.019629	0.294421	0.142562	0.122934	
0.352069	0.535498	0.00592003	0.0384639	0.0680493	
0.152285	0.581213	0.190355	0.00507862	0.0710676	
0.230842	0.276253	0.278145	0.165563	0.0491966	
0.129636	0.333321	0.111119	0.0185353	0.407388	
0.318155	0.363599	0.0454897	0.0454897	0.227267	
0.062543	0.499906	0.312465	0.062543	0.062543	
0.499813	0.125047	0.125047	0.000124922	0.249969	
0.515104	0.0909256	0.0606272	0.121224	0.212119	
0.0129062	0.664509	0.106453	0.0903243	0.125808	
0.485541	0.0867085	0.213872	0.104049	0.109829	
5.26177e-05	0.841936	5.26177e-05	5.26177e-05	0.157906	
0.33858	0.137797	0.228346	0.0118147	0.283463	
0.296293	0.129632	0.395056	0.111114	0.0679053	
0.024007	0.383993	0.168001	0.104004	0.319995	
0.465506	0.0517305	0.0948321	0.241378	0.146554	
0.599976	0.211764	1.1764e-05	0.0235398	0.164708	
0.166694	0.666278	0.000166528	0.000166528	0.166694	
0.216215	0.108114	0.256753	0.378366	0.0405513	
0.0491828	0.413111	0.196721	0.140985	0.2	
0.624991	0.0166705	0.0458365	0.0166705	0.295831	
0.481468	0.342586	0.0185269	0.0925976	0.0648211	
0.235291	0.313714	0.352926	1.96059e-05	0.0980492	
0.178575	0.464239	0.214283	0.0714515	0.0714515	
0.0526703	0.263141	5.26177e-05	0.157906	0.52623	
0.273147	0.00463189	0.449071	0.127316	0.145834	
0.575099	0.167383	0.00429605	0.0472136	0.206008	
0.39622	0.459111	0.106921	6.28911e-06	0.037741	
0.207877	0.181619	0.437634	0.124727	0.0481417	
0.0269553	0.369271	0.171159	0.110513	0.322102	
0.444399	0.148158	0.222218	0.0370672	0.148158	
0.466155	0.172933	0.0225631	0.255637	0.0827112	
0.461518	0.323067	0.184617	1.53834e-05	0.0307822	
0.445443	0.19091	0.163638	0.127276	0.0727331	
0.000166528	0.000166528	0.000166528	0.333222	0.666278	
0.541596	0.0833576	0.208332	0.0416996	0.125016	
0.2	0.2	0.2	0.2	0.2	
0.000498753	0.499252	0.499252	0.000498753	0.000498753	
0.0001998	0.0001998	0.0001998	0.2	0.799401	
0.0194262	0.650464	0.106801	0.0679676	0.155342	
0.380269	0.0704317	0.380269	0.112682	0.0563481	
0.205128	0.53844	0.0128325	0.0256522	0.217948	
0.66589	0.000332779	0.000332779	0.000332779	0.333111	
0.355547	0.311105	0.0555636	0.244442	0.0333426	
0.0425588	0.517719	0.226949	0.0212829	0.19149	
0.72365	1.3157e-05	0.0526413	0.0921124	0.131583	
0.300809	0.495923	8.12975e-06	0.105695	0.0975651	
0.052651	0.499961	0.315774	2.63123e-05	0.131588	
0.349963	0.299975	0.2	0.150012	4.99875e-05	
8.32986e-05	0.249979	0.166681	0.166681	0.416576	
0.385022	0.0053528	0.3262	0.0534799	0.229946	
0.546491	0.279065	0.0116389	0.0465206	0.116284	
0.819979	0.0933369	0.0600047	0.00667311	0.020006	
0.535251	0.147437	0.131411	0.144232	0.0416692	
0.0185513	0.247892	0.0522778	0.291736	0.389543	
0.666589	0.0333611	0.133344	0.0333611	0.133344	
0.620227	0.215189	1.26574e-05	0.151902	0.0126701	
0.249996	0.624962	0.107151	1.78555e-05	0.0178734	
0.344078	0.35483	0.204301	0.0967797	1.07521e-05	
0.00720118	0.58272	0.129499	0.0719471	0.208633	
0.790801	5.10191e-06	0.112247	0.0408204	0.0561261	
0.000498753	0.499252	0.000498753	0.000498753	0.499252	
0.266644	0.266644	6.66445e-05	6.66445e-05	0.466578	
0.428544	0.333317	0.214284	0.0238305	2.38067e-05	
0.000249688	0.249938	0.249938	0.000249688	0.499625	
0.666408	0.22221	0.000111049	0.000111049	0.11116	
0.499252	0.000498753	0.499252	0.000498753	0.000498753	
0.2	0.2	0.2	0.2	0.2	
0.998005	0.000498753	0.000498753	0.000498753	0.000498753	
0.0898938	0.280894	0.112364	0.157306	0.359542	
0.688835	2.22198e-05	0.22222	0.022242	0.0666815	
0.289462	0.526273	2.63123e-05	0.131588	0.052651	
0.114761	0.458995	0.311466	1.63921e-05	0.114761	
0.374891	0.125047	0.249969	0.249969	0.000124922	
0.0760937	0.249997	0.0978316	0.0543557	0.521722	
0.432639	0.0181371	0.168394	0.090675	0.290154	
0.380527	0.287609	0.0177031	0.0442512	0.26991	
0.635619	0.291496	0.0566831	0.00405255	0.0121496	
0.824861	0.0798554	0.0544471	0.027224	0.0136125	
0.0308836	0.291176	0.0808832	0.110295	0.486763	
0.549913	0.150012	4.99875e-05	0.0500375	0.249988	
0.399983	0.333322	0.0500125	0.116674	0.100008	
0.575701	0.181821	0.0909256	0.0303287	0.121224	
0.331165	0.46103	0.129872	0.0649395	0.0129931	
0.0108716	0.0891316	0.213043	0.110871	0.576083	
0.934949	0.0108427	0.0243926	0.00542269	0.0243926	
0.499813	0.374891	0.000124922	0.125047	0.000124922	
0.1579	0.578898	0.26315	2.63123e-05	2.63123e-05	
0.232554	0.34882	0.325567	0.0930357	2.32531e-05	
0.035095	0.12281	0.0964958	0.201754	0.543845	
0.899986	0.0120038	0.0240035	0.0320034	0.0320034	
0.350871	0.543845	8.77155e-06	0.0438665	0.0614096	
0.000249688	0.749313	0.249938	0.000249688	0.000249688	
0.551664	0.103465	0.137942	0.206895	3.44768e-05	
0.289849	0.231882	0.144932	0.0145062	0.318832	
0.745045	0.137261	0.0196255	0.0196255	0.0784433	
0.352919	0.411734	0.117659	0.0294368	0.0882517	
0.193549	0.322561	0.419319	0.064538	3.22529e-05	
0.233328	0.100017	0.100017	0.100017	0.466622	
### Output Prob Right
1 1	3.92014e-06	3.92014e-06	0.0117643	3.92014e-06	3.92014e-06	3.92014e-06	3.92014e-06	3.92014e-06	0.00392406	3.92014e-06	3.92014e-06	3.92014e-06	3.92014e-06	3.92014e-06	3.92014e-06	3.92014e-06	3.92014e-06	3.92014e-06	0.00392406	0.00392406	3.92014e-06	3.92014e-06	0.00392406	3.92014e-06	3.92014e-06	0.0156845	3.92014e-06	3.92014e-06	0.0235248	3.92014e-06	3.92014e-06	0.0509657	0.0117643	0.0078442	0.0196046	0.00392406	3.92014e-06	0.0117643	0.00392406	0.0117643	0.0117643	0.0352852	0.0156845	0.0784067	0.0117643	0.0274449	0.313615	0.0392053	0.0274449	0.0744866	0.0235248	0.0117643	0.0274449	0.0156845	0.00392406	0.0235248	3.92014e-06	3.92014e-06	0.00392406	0.0117643	0.00392406	3.92014e-06	3.92014e-06	3.92014e-06	0.00392406	3.92014e-06	3.92014e-06	0.0274449	3.92014e-06	3.92014e-06	3.92014e-06	3.92014e-06	3.92014e-06	3.92014e-06	3.92014e-06	3.92014e-06	0.00392406	3.92014e-06	3.92014e-06	3.92014e-06	3.92014e-06	3.92014e-06	3.92014e-06	3.92014e-06	3.92014e-06	3.92014e-06	3.92014e-06	3.92014e-06	0.0156845	3.92014e-06	3.92014e-06	3.92014e-06	3.92014e-06	
1 2	3.32768e-07	3.32768e-07	3.32768e-07	3.32768e-07	3.32768e-07	3.32768e-07	3.32768e-07	3.32768e-07	3.32768e-07	3.32768e-07	3.32768e-07	3.32768e-07	3.32768e-07	3.32768e-07	3.32768e-07	3.32768e-07	3.32768e-07	3.32768e-07	3.32768e-07	3.32768e-07	3.32768e-07	0.000333101	3.32768e-07	3.32768e-07	3.32768e-07	3.32768e-07	3.32768e-07	3.32768e-07	0.000333101	0.00133141	0.000998638	0.000333101	0.00066587	0.00133141	0.000333101	3.32768e-07	3.32768e-07	0.00299525	0.000998638	3.32768e-07	0.000998638	0.0066557	0.000998638	0.016306	0.030615	0.00232971	0.0196337	0.0455896	0.00798677	0.133108	0.0898478	0.0695489	0.189678	0.0871857	0.0715455	0.120462	0.0143094	0.0106489	0.0442585	0.00133141	0.00465909	0.0106489	0.00266248	0.00299525	0.000998638	0.000333101	3.32768e-07	0.00266248	0.000333101	3.32768e-07	3.32768e-07	0.00066587	0.000333101	0.000333101	3.32768e-07	3.32768e-07	0.000333101	3.32768e-07	3.32768e-07	3.32768e-07	0.000333101	3.32768e-07	3.32768e-07	3.32768e-07	3.32768e-07	3.32768e-07	3.32768e-07	3.32768e-07	3.32768e-07	3.32768e-07	3.32768e-07	3.32768e-07	3.32768e-07	
1 3	6.6707e-07	6.6707e-07	6.6707e-07	6.6707e-07	6.6707e-07	6.6707e-07	6.6707e-07	6.6707e-07	6.6707e-07	6.6707e-07	6.6707e-07	6.6707e-07	6.6707e-07	6.6707e-07	6.6707e-07	6.6707e-07	6.6707e-07	6.6707e-07	0.000667737	6.6707e-07	6.6707e-07	6.6707e-07	6.6707e-07	6.6707e-07	6.6707e-07	6.6707e-07	6.6707e-07	6.6707e-07	6.6707e-07	6.6707e-07	6.6707e-07	0.000667737	0.000667737	6.6707e-07	6.6707e-07	6.6707e-07	6.6707e-07	0.00133481	6.6707e-07	6.6707e-07	0.0113409	0.0200128	0.00133481	0.0393578	0.0346883	0.00133481	0.022681	0.0140091	0.00133481	0.03202	0.0526992	0.0213469	0.146089	0.0847186	0.0526992	0.157429	0.0266835	0.0273505	0.1094	0.0286847	0.0213469	0.0426931	0.0173445	0.0106738	0.00667137	0.00333602	0.00333602	0.00266895	6.6707e-07	6.6707e-07	6.6707e-07	0.000667737	6.6707e-07	6.6707e-07	6.6707e-07	6.6707e-07	0.000667737	6.6707e-07	6.6707e-07	0.000667737	6.6707e-07	6.6707e-07	0.000667737	6.6707e-07	6.6707e-07	0.000667737	6.6707e-07	6.6707e-07	6.6707e-07	6.6707e-07	6.6707e-07	6.6707e-07	6.6707e-07	
1 4	8.77121e-07	8.77121e-07	8.77121e-07	8.77121e-07	8.77121e-07	8.77121e-07	8.77121e-07	8.77121e-07	8.77121e-07	8.77121e-07	8.77121e-07	8.77121e-07	8.77121e-07	8.77121e-07	8.77121e-07	8.77121e-07	8.77121e-07	8.77121e-07	8.77121e-07	8.77121e-07	8.77121e-07	8.77121e-07	8.77121e-07	8.77121e-07	8.77121e-07	8.77121e-07	8.77121e-07	8.77121e-07	8.77121e-07	8.77121e-07	8.77121e-07	8.77121e-07	8.77121e-07	8.77121e-07	8.77121e-07	8.77121e-07	8.77121e-07	0.00175512	0.00350936	8.77121e-07	0.00350936	0.0114035	8.77121e-07	0.0166662	0.00789497	8.77121e-07	0.00175512	0.0245603	0.00175512	0.0289459	0.00614073	0.0105263	0.0394713	0.0385942	0.00350936	0.0842045	0.0429798	0.022806	0.106133	0.0824503	0.0473654	0.0850817	0.0622765	0.0421027	0.0456112	0.0192975	0.00964921	0.128938	0.00175512	0.00350936	0.00175512	0.00175512	0.000877999	0.00526361	8.77121e-07	8.77121e-07	0.00175512	0.00175512	8.77121e-07	8.77121e-07	8.77121e-07	8.77121e-07	0.00175512	8.77121e-07	8.77121e-07	8.77121e-07	8.77121e-07	8.77121e-07	0.000877999	8.77121e-07	8.77121e-07	8.77121e-07	8.77121e-07	
1 5	5.99847e-07	5.99847e-07	5.99847e-07	5.99847e-07	5.99847e-07	5.99847e-07	5.99847e-07	5.99847e-07	5.99847e-07	5.99847e-07	5.99847e-07	5.99847e-07	5.99847e-07	5.99847e-07	5.99847e-07	5.99847e-07	5.99847e-07	5.99847e-07	5.99847e-07	0.000600446	5.99847e-07	5.99847e-07	5.99847e-07	5.99847e-07	5.99847e-07	5.99847e-07	5.99847e-07	5.99847e-07	5.99847e-07	5.99847e-07	5.99847e-07	5.99847e-07	5.99847e-07	5.99847e-07	5.99847e-07	5.99847e-07	5.99847e-07	0.00120029	5.99847e-07	5.99847e-07	5.99847e-07	0.00120029	5.99847e-07	5.99847e-07	5.99847e-07	5.99847e-07	0.00180014	0.000600446	5.99847e-07	0.000600446	5.99847e-07	0.00120029	0.00239999	0.00239999	5.99847e-07	0.0287932	0.00359968	0.00419953	0.056986	0.0551865	0.0383908	0.102574	0.0305928	0.0353915	0.0563862	0.0107978	0.0089983	0.469081	0.0149968	0.010198	0.0131972	0.00479937	0.00539922	0.00719876	0.00299983	0.00299983	0.00839845	0.000600446	0.000600446	0.00419953	0.00239999	0.00120029	0.00180014	5.99847e-07	5.99847e-07	5.99847e-07	5.99847e-07	5.99847e-07	0.00359968	5.99847e-07	0.000600446	0.00120029	0.000600446	
2 1	5.00477e-07	5.00477e-07	5.00477e-07	5.00477e-07	5.00477e-07	5.00477e-07	5.00477e-07	5.00477e-07	5.00477e-07	5.00477e-07	5.00477e-07	5.00477e-07	5.00477e-07	5.00477e-07	5.00477e-07	5.00477e-07	0.00100145	5.00477e-07	5.00477e-07	5.00477e-07	5.00477e-07	0.000500978	5.00477e-07	0.000500978	5.00477e-07	0.00250289	0.000500978	5.00477e-07	0.000500978	0.00100145	0.00150193	0.00100145	0.00300336	0.00350384	0.0240234	0.00600623	0.00700718	0.0930893	0.0575554	0.0450434	0.124119	0.0535516	0.100596	0.21921	0.021521	0.108104	0.022522	0.00300336	0.0480463	0.0125124	0.00100145	0.0155153	0.00500527	0.00100145	0.00800814	0.00300336	5.00477e-07	0.000500978	5.00477e-07	5.00477e-07	0.00150193	5.00477e-07	5.00477e-07	5.00477e-07	5.00477e-07	5.00477e-07	5.00477e-07	0.00250289	5.00477e-07	5.00477e-07	5.00477e-07	5.00477e-07	5.00477e-07	5.00477e-07	5.00477e-07	5.00477e-07	0.000500978	5.00477e-07	5.00477e-07	5.00477e-07	5.00477e-07	5.00477e-07	5.00477e-07	5.00477e-07	5.00477e-07	5.00477e-07	5.00477e-07	5.00477e-07	5.00477e-07	5.00477e-07	5.00477e-07	5.00477e-07	5.00477e-07	
2 2	9.33768e-06	9.33768e-06	9.33768e-06	9.33768e-06	9.33768e-06	9.33768e-06	9.33768e-06	9.33768e-06	9.33768e-06	9.33768e-06	9.33768e-06	9.33768e-06	9.33768e-06	9.33768e-06	9.33768e-06	9.33768e-06	9.33768e-06	9.33768e-06	9.33768e-06	9.33768e-06	9.33768e-06	9.33768e-06	9.33768e-06	9.33768e-06	9.33768e-06	9.33768e-06	9.33768e-06	9.33768e-06	9.33768e-06	9.33768e-06	9.33768e-06	9.33768e-06	9.33768e-06	9.33768e-06	0.00934702	0.00934702	9.33768e-06	0.00934702	0.0186847	9.33768e-06	0.00934702	0.00934702	0.0280224	0.00934702	0.0373601	0.0186847	0.606958	0.00934702	0.0186847	0.0280224	0.0186847	0.00934702	0.0373601	0.00934702	0.0186847	0.00934702	9.33768e-06	9.33768e-06	0.0186847	0.00934702	9.33768e-06	9.33768e-06	9.33768e-06	0.00934702	9.33768e-06	9.33768e-06	9.33768e-06	0.0186847	9.33768e-06	9.33768e-06	9.33768e-06	9.33768e-06	9.33768e-06	9.33768e-06	9.33768e-06	9.33768e-06	9.33768e-06	9.33768e-06	9.33768e-06	0.0186847	9.33768e-06	9.33768e-06	9.33768e-06	9.33768e-06	9.33768e-06	9.33768e-06	9.33768e-06	9.33768e-06	9.33768e-06	9.33768e-06	9.33768e-06	9.33768e-06	9.33768e-06	
2 3	5.80689e-07	5.80689e-07	5.80689e-07	5.80689e-07	5.80689e-07	5.80689e-07	5.80689e-07	5.80689e-07	5.80689e-07	5.80689e-07	5.80689e-07	5.80689e-07	5.80689e-07	5.80689e-07	5.80689e-07	5.80689e-07	5.80689e-07	5.80689e-07	5.80689e-07	5.80689e-07	5.80689e-07	5.80689e-07	5.80689e-07	5.80689e-07	5.80689e-07	5.80689e-07	5.80689e-07	5.80689e-07	5.80689e-07	5.80689e-07	5.80689e-07	5.80689e-07	5.80689e-07	5.80689e-07	5.80689e-07	5.80689e-07	5.80689e-07	0.000581269	0.00232334	5.80689e-07	0.000581269	0.000581269	0.00290402	0.00116196	0.000581269	5.80689e-07	0.0150985	0.139947	0.0836198	0.238664	0.111493	0.129494	0.1684	0.0313578	0.0377453	0.0238088	0.00116196	0.00116196	0.00696885	0.00116196	5.80689e-07	5.80689e-07	5.80689e-07	0.000581269	0.000581269	5.80689e-07	5.80689e-07	5.80689e-07	5.80689e-07	5.80689e-07	5.80689e-07	5.80689e-07	5.80689e-07	5.80689e-07	5.80689e-07	5.80689e-07	5.80689e-07	5.80689e-07	5.80689e-07	5.80689e-07	5.80689e-07	5.80689e-07	5.80689e-07	5.80689e-07	5.80689e-07	5.80689e-07	5.80689e-07	5.80689e-07	5.80689e-07	5.80689e-07	5.80689e-07	5.80689e-07	5.80689e-07	
2 4	7.0567e-07	7.0567e-07	7.0567e-07	7.0567e-07	7.0567e-07	7.0567e-07	7.0567e-07	7.0567e-07	7.0567e-07	7.0567e-07	7.0567e-07	7.0567e-07	7.0567e-07	7.0567e-07	7.0567e-07	7.0567e-07	7.0567e-07	7.0567e-07	7.0567e-07	7.0567e-07	7.0567e-07	7.0567e-07	7.0567e-07	7.0567e-07	7.0567e-07	7.0567e-07	7.0567e-07	7.0567e-07	7.0567e-07	7.0567e-07	7.0567e-07	7.0567e-07	7.0567e-07	7.0567e-07	7.0567e-07	7.0567e-07	7.0567e-07	7.0567e-07	7.0567e-07	7.0567e-07	7.0567e-07	7.0567e-07	0.000706376	0.00141205	0.000706376	0.00282339	0.00635174	0.00282339	0.00141205	0.00776308	0.0691564	0.114319	0.268155	0.121376	0.0797414	0.229343	0.0190538	0.0254048	0.0303445	0.00282339	0.00635174	0.0049404	0.00141205	7.0567e-07	7.0567e-07	0.00141205	7.0567e-07	0.000706376	7.0567e-07	7.0567e-07	7.0567e-07	7.0567e-07	7.0567e-07	0.00141205	7.0567e-07	7.0567e-07	7.0567e-07	7.0567e-07	7.0567e-07	7.0567e-07	7.0567e-07	7.0567e-07	7.0567e-07	7.0567e-07	7.0567e-07	7.0567e-07	7.0567e-07	7.0567e-07	7.0567e-07	7.0567e-07	7.0567e-07	7.0567e-07	7.0567e-07	
2 5	9.59607e-07	9.59607e-07	9.59607e-07	9.59607e-07	9.59607e-07	9.59607e-07	9.59607e-07	9.59607e-07	9.59607e-07	9.59607e-07	9.59607e-07	9.59607e-07	9.59607e-07	9.59607e-07	9.59607e-07	9.59607e-07	9.59607e-07	9.59607e-07	9.59607e-07	9.59607e-07	9.59607e-07	9.59607e-07	9.59607e-07	9.59607e-07	9.59607e-07	9.59607e-07	9.59607e-07	9.59607e-07	9.59607e-07	9.59607e-07	9.59607e-07	9.59607e-07	9.59607e-07	9.59607e-07	9.59607e-07	9.59607e-07	9.59607e-07	9.59607e-07	9.59607e-07	9.59607e-07	9.59607e-07	9.59607e-07	9.59607e-07	0.000960567	9.59607e-07	9.59607e-07	0.00287978	9.59607e-07	9.59607e-07	0.00383939	0.00192017	0.0163143	0.0143951	0.0191931	0.0374256	0.226468	0.02687	0.0460621	0.166013	0.0422237	0.118033	0.129548	0.036466	0.063335	0.0105566	0.00383939	0.00383939	0.0191931	9.59607e-07	9.59607e-07	0.000960567	9.59607e-07	9.59607e-07	0.00192017	0.000960567	0.000960567	0.004799	9.59607e-07	0.000960567	9.59607e-07	9.59607e-07	9.59607e-07	9.59607e-07	9.59607e-07	9.59607e-07	9.59607e-07	9.59607e-07	9.59607e-07	9.59607e-07	9.59607e-07	9.59607e-07	9.59607e-07	9.59607e-07	
3 1	7.47891e-07	0.000748639	0.000748639	7.47891e-07	0.000748639	7.47891e-07	7.47891e-07	7.47891e-07	7.47891e-07	7.47891e-07	7.47891e-07	7.47891e-07	7.47891e-07	7.47891e-07	7.47891e-07	7.47891e-07	0.000748639	7.47891e-07	7.47891e-07	7.47891e-07	7.47891e-07	0.000748639	7.47891e-07	0.000748639	0.000748639	0.0127149	0.00299231	0.00149653	0.011967	0.0172022	0.0149586	0.039639	0.0373953	0.0373953	0.121907	0.0164544	0.0426305	0.185478	0.0403869	0.059832	0.125646	0.011967	0.0605799	0.0291685	0.00149653	0.0172022	0.00972333	0.00299231	0.0321601	0.0172022	0.0037402	0.0157065	0.00747966	0.00149653	0.00149653	0.011967	7.47891e-07	7.47891e-07	7.47891e-07	7.47891e-07	7.47891e-07	7.47891e-07	7.47891e-07	0.00149653	7.47891e-07	7.47891e-07	7.47891e-07	0.000748639	7.47891e-07	7.47891e-07	7.47891e-07	7.47891e-07	7.47891e-07	7.47891e-07	7.47891e-07	7.47891e-07	7.47891e-07	7.47891e-07	7.47891e-07	7.47891e-07	7.47891e-07	7.47891e-07	7.47891e-07	7.47891e-07	7.47891e-07	7.47891e-07	7.47891e-07	7.47891e-07	7.47891e-07	7.47891e-07	7.47891e-07	7.47891e-07	7.47891e-07	
3 2	6.30083e-07	6.30083e-07	6.30083e-07	6.30083e-07	6.30083e-07	6.30083e-07	6.30083e-07	6.30083e-07	6.30083e-07	6.30083e-07	0.000630713	6.30083e-07	6.30083e-07	6.30083e-07	6.30083e-07	6.30083e-07	6.30083e-07	0.000630713	6.30083e-07	6.30083e-07	6.30083e-07	6.30083e-07	6.30083e-07	6.30083e-07	6.30083e-07	0.000630713	6.30083e-07	6.30083e-07	6.30083e-07	0.000630713	6.30083e-07	0.000630713	0.000630713	0.0012608	0.00378113	0.010712	0.00504129	0.0151226	0.0157527	0.0170129	0.0699398	0.136099	0.104594	0.294879	0.120346	0.172643	0.0189031	0.000630713	0.0012608	0.00189088	0.0012608	0.000630713	0.00189088	6.30083e-07	6.30083e-07	0.000630713	6.30083e-07	0.000630713	6.30083e-07	0.000630713	6.30083e-07	6.30083e-07	6.30083e-07	6.30083e-07	6.30083e-07	6.30083e-07	6.30083e-07	0.000630713	6.30083e-07	6.30083e-07	6.30083e-07	6.30083e-07	6.30083e-07	6.30083e-07	6.30083e-07	6.30083e-07	6.30083e-07	6.30083e-07	6.30083e-07	6.30083e-07	6.30083e-07	6.30083e-07	6.30083e-07	6.30083e-07	6.30083e-07	6.30083e-07	6.30083e-07	6.30083e-07	6.30083e-07	6.30083e-07	6.30083e-07	6.30083e-07	6.30083e-07	
3 3	8.4679e-06	8.4679e-06	8.4679e-06	8.4679e-06	8.4679e-06	8.4679e-06	8.4679e-06	8.4679e-06	8.4679e-06	8.4679e-06	8.4679e-06	8.4679e-06	8.4679e-06	8.4679e-06	8.4679e-06	8.4679e-06	8.4679e-06	8.4679e-06	8.4679e-06	8.4679e-06	8.4679e-06	8.4679e-06	8.4679e-06	8.4679e-06	8.4679e-06	0.0169443	8.4679e-06	8.4679e-06	8.4679e-06	8.4679e-06	8.4679e-06	8.4679e-06	0.00847637	8.4679e-06	8.4679e-06	8.4679e-06	0.0508159	0.0169443	0.0169443	8.4679e-06	0.0169443	8.4679e-06	0.0254122	0.0338801	8.4679e-06	0.0254122	0.499615	8.4679e-06	0.0169443	0.0508159	0.0508159	0.0169443	8.4679e-06	0.00847637	8.4679e-06	0.0592838	0.00847637	8.4679e-06	0.042348	8.4679e-06	8.4679e-06	0.00847637	8.4679e-06	8.4679e-06	8.4679e-06	8.4679e-06	8.4679e-06	0.0254122	8.4679e-06	8.4679e-06	8.4679e-06	8.4679e-06	8.4679e-06	8.4679e-06	8.4679e-06	8.4679e-06	8.4679e-06	8.4679e-06	8.4679e-06	8.4679e-06	8.4679e-06	8.4679e-06	8.4679e-06	8.4679e-06	8.4679e-06	8.4679e-06	8.4679e-06	8.4679e-06	8.4679e-06	8.4679e-06	8.4679e-06	8.4679e-06	8.4679e-06	
3 4	1.58205e-06	1.58205e-06	1.58205e-06	1.58205e-06	1.58205e-06	1.58205e-06	1.58205e-06	1.58205e-06	1.58205e-06	1.58205e-06	1.58205e-06	1.58205e-06	1.58205e-06	1.58205e-06	1.58205e-06	1.58205e-06	1.58205e-06	1.58205e-06	1.58205e-06	1.58205e-06	1.58205e-06	1.58205e-06	1.58205e-06	1.58205e-06	1.58205e-06	1.58205e-06	1.58205e-06	1.58205e-06	1.58205e-06	1.58205e-06	1.58205e-06	1.58205e-06	1.58205e-06	1.58205e-06	0.00316567	1.58205e-06	1.58205e-06	1.58205e-06	1.58205e-06	1.58205e-06	1.58205e-06	0.00632976	0.00158363	1.58205e-06	1.58205e-06	1.58205e-06	0.0268964	0.110745	0.148714	0.412916	0.0791039	0.115491	0.0553732	0.00791181	0.00632976	0.00949386	0.00158363	0.00158363	0.00474772	1.58205e-06	1.58205e-06	0.00316567	1.58205e-06	1.58205e-06	1.58205e-06	1.58205e-06	1.58205e-06	0.00316567	0.00158363	1.58205e-06	1.58205e-06	1.58205e-06	1.58205e-06	1.58205e-06	1.58205e-06	1.58205e-06	1.58205e-06	1.58205e-06	1.58205e-06	1.58205e-06	1.58205e-06	1.58205e-06	1.58205e-06	1.58205e-06	1.58205e-06	1.58205e-06	1.58205e-06	1.58205e-06	1.58205e-06	1.58205e-06	1.58205e-06	1.58205e-06	1.58205e-06	
3 5	8.74819e-07	8.74819e-07	8.74819e-07	8.74819e-07	8.74819e-07	8.74819e-07	8.74819e-07	8.74819e-07	8.74819e-07	8.74819e-07	8.74819e-07	8.74819e-07	8.74819e-07	8.74819e-07	8.74819e-07	8.74819e-07	8.74819e-07	8.74819e-07	8.74819e-07	8.74819e-07	8.74819e-07	8.74819e-07	8.74819e-07	8.74819e-07	8.74819e-07	0.000875694	8.74819e-07	8.74819e-07	8.74819e-07	8.74819e-07	8.74819e-07	8.74819e-07	8.74819e-07	8.74819e-07	8.74819e-07	8.74819e-07	8.74819e-07	8.74819e-07	8.74819e-07	8.74819e-07	0.000875694	8.74819e-07	0.000875694	8.74819e-07	8.74819e-07	0.00175051	0.00437497	0.00175051	0.00787425	0.00962389	0.0708613	0.102355	0.275569	0.111978	0.139097	0.173215	0.0218714	0.0122483	0.0288699	0.00524979	0.00874907	0.00962389	0.00175051	0.00350015	0.00350015	0.000875694	8.74819e-07	0.000875694	8.74819e-07	8.74819e-07	0.000875694	8.74819e-07	8.74819e-07	8.74819e-07	8.74819e-07	8.74819e-07	8.74819e-07	8.74819e-07	8.74819e-07	8.74819e-07	0.000875694	8.74819e-07	8.74819e-07	8.74819e-07	8.74819e-07	8.74819e-07	8.74819e-07	8.74819e-07	8.74819e-07	8.74819e-07	8.74819e-07	8.74819e-07	8.74819e-07	
4 1	0.00133303	0.00199921	6.66181e-07	6.66181e-07	0.00133303	6.66181e-07	6.66181e-07	6.66181e-07	6.66181e-07	6.66181e-07	0.000666847	0.000666847	0.00133303	0.00133303	6.66181e-07	6.66181e-07	0.00266539	0.00133303	0.00333157	0.00133303	0.00199921	0.00866102	0.0119919	6.66181e-07	0.0059963	0.0626217	0.00466393	0.0173214	0.0679512	0.0253156	0.0719482	0.12391	0.0659526	0.0679512	0.139233	0.0313112	0.0499643	0.0959308	0.00866102	0.0173214	0.0213185	0.00466393	0.00466393	0.0219846	0.00266539	0.00533012	0.00333157	6.66181e-07	0.0113257	0.0059963	6.66181e-07	0.0093272	0.00466393	0.000666847	0.00199921	6.66181e-07	6.66181e-07	6.66181e-07	0.00133303	6.66181e-07	6.66181e-07	6.66181e-07	6.66181e-07	0.000666847	6.66181e-07	6.66181e-07	6.66181e-07	6.66181e-07	6.66181e-07	6.66181e-07	0.00199921	0.000666847	6.66181e-07	0.00133303	6.66181e-07	6.66181e-07	6.66181e-07	6.66181e-07	6.66181e-07	6.66181e-07	6.66181e-07	6.66181e-07	6.66181e-07	6.66181e-07	6.66181e-07	6.66181e-07	6.66181e-07	6.66181e-07	6.66181e-07	6.66181e-07	6.66181e-07	6.66181e-07	6.66181e-07	
4 2	1.51265e-06	1.51265e-06	1.51265e-06	1.51265e-06	0.00302681	1.51265e-06	1.51265e-06	1.51265e-06	1.51265e-06	1.51265e-06	1.51265e-06	1.51265e-06	0.00151416	1.51265e-06	1.51265e-06	0.0060521	1.51265e-06	0.00151416	1.51265e-06	1.51265e-06	1.51265e-06	0.00151416	1.51265e-06	1.51265e-06	1.51265e-06	0.00756475	0.00302681	1.51265e-06	0.00151416	0.00151416	0.00302681	0.00302681	0.00151416	0.01059	0.0499188	0.0181533	0.0211786	0.213285	0.110425	0.0937856	0.19362	0.0907603	0.0952982	0.0226912	0.00151416	0.00907739	0.00907739	1.51265e-06	1.51265e-06	0.00453945	0.00453945	0.00151416	0.00453945	1.51265e-06	1.51265e-06	0.00151416	1.51265e-06	1.51265e-06	0.00151416	0.00302681	1.51265e-06	1.51265e-06	1.51265e-06	0.00151416	1.51265e-06	1.51265e-06	1.51265e-06	1.51265e-06	1.51265e-06	1.51265e-06	1.51265e-06	1.51265e-06	1.51265e-06	1.51265e-06	1.51265e-06	1.51265e-06	0.00302681	1.51265e-06	1.51265e-06	1.51265e-06	1.51265e-06	1.51265e-06	1.51265e-06	1.51265e-06	1.51265e-06	1.51265e-06	1.51265e-06	1.51265e-06	1.51265e-06	1.51265e-06	1.51265e-06	1.51265e-06	1.51265e-06	
4 3	1.05364e-06	0.00105469	1.05364e-06	1.05364e-06	1.05364e-06	1.05364e-06	1.05364e-06	1.05364e-06	1.05364e-06	1.05364e-06	1.05364e-06	1.05364e-06	0.00105469	1.05364e-06	1.05364e-06	1.05364e-06	1.05364e-06	1.05364e-06	1.05364e-06	1.05364e-06	1.05364e-06	1.05364e-06	1.05364e-06	1.05364e-06	1.05364e-06	1.05364e-06	1.05364e-06	1.05364e-06	1.05364e-06	0.00105469	1.05364e-06	0.00210833	1.05364e-06	1.05364e-06	0.00632288	1.05364e-06	1.05364e-06	0.0042156	0.0105374	0.00843015	0.0168593	0.113794	0.0748093	0.425671	0.152778	0.141188	0.0200202	0.0042156	0.00105469	1.05364e-06	0.00948379	1.05364e-06	1.05364e-06	1.05364e-06	1.05364e-06	1.05364e-06	1.05364e-06	1.05364e-06	0.00105469	1.05364e-06	1.05364e-06	0.00105469	1.05364e-06	1.05364e-06	1.05364e-06	1.05364e-06	1.05364e-06	0.00210833	1.05364e-06	1.05364e-06	1.05364e-06	1.05364e-06	0.00105469	1.05364e-06	1.05364e-06	1.05364e-06	1.05364e-06	1.05364e-06	1.05364e-06	1.05364e-06	1.05364e-06	1.05364e-06	1.05364e-06	1.05364e-06	1.05364e-06	1.05364e-06	1.05364e-06	1.05364e-06	1.05364e-06	1.05364e-06	1.05364e-06	1.05364e-06	1.05364e-06	
4 4	1.69225e-05	1.69225e-05	1.69225e-05	1.69225e-05	1.69225e-05	1.69225e-05	1.69225e-05	1.69225e-05	1.69225e-05	1.69225e-05	1.69225e-05	1.69225e-05	1.69225e-05	1.69225e-05	1.69225e-05	1.69225e-05	1.69225e-05	1.69225e-05	1.69225e-05	1.69225e-05	1.69225e-05	1.69225e-05	1.69225e-05	1.69225e-05	1.69225e-05	1.69225e-05	1.69225e-05	1.69225e-05	1.69225e-05	1.69225e-05	1.69225e-05	1.69225e-05	1.69225e-05	1.69225e-05	1.69225e-05	1.69225e-05	1.69225e-05	1.69225e-05	0.0169394	0.0169394	0.0169394	0.0169394	0.0169394	0.0338619	0.0677068	0.0677068	0.541536	1.69225e-05	0.0169394	0.0338619	0.0169394	0.0169394	1.69225e-05	1.69225e-05	1.69225e-05	0.0338619	0.0338619	1.69225e-05	0.0169394	1.69225e-05	1.69225e-05	0.0169394	1.69225e-05	1.69225e-05	1.69225e-05	1.69225e-05	1.69225e-05	1.69225e-05	0.0169394	1.69225e-05	1.69225e-05	1.69225e-05	1.69225e-05	1.69225e-05	1.69225e-05	1.69225e-05	1.69225e-05	1.69225e-05	1.69225e-05	1.69225e-05	1.69225e-05	1.69225e-05	1.69225e-05	1.69225e-05	1.69225e-05	1.69225e-05	1.69225e-05	1.69225e-05	1.69225e-05	1.69225e-05	1.69225e-05	1.69225e-05	1.69225e-05	
4 5	1.35484e-06	1.35484e-06	1.35484e-06	1.35484e-06	1.35484e-06	1.35484e-06	1.35484e-06	1.35484e-06	1.35484e-06	1.35484e-06	1.35484e-06	1.35484e-06	1.35484e-06	1.35484e-06	1.35484e-06	1.35484e-06	1.35484e-06	1.35484e-06	1.35484e-06	1.35484e-06	1.35484e-06	1.35484e-06	1.35484e-06	1.35484e-06	1.35484e-06	1.35484e-06	1.35484e-06	1.35484e-06	1.35484e-06	0.0013562	1.35484e-06	1.35484e-06	1.35484e-06	1.35484e-06	0.00406588	1.35484e-06	1.35484e-06	1.35484e-06	1.35484e-06	1.35484e-06	1.35484e-06	0.0013562	1.35484e-06	0.00948525	1.35484e-06	0.00813041	0.0216788	0.0596144	0.123292	0.340067	0.0826468	0.101615	0.165292	0.0365821	0.0121949	0.0162595	1.35484e-06	1.35484e-06	1.35484e-06	1.35484e-06	0.0013562	0.00271104	1.35484e-06	1.35484e-06	0.00406588	1.35484e-06	1.35484e-06	0.00271104	1.35484e-06	1.35484e-06	0.0013562	1.35484e-06	1.35484e-06	0.0013562	1.35484e-06	1.35484e-06	0.0013562	1.35484e-06	1.35484e-06	1.35484e-06	1.35484e-06	1.35484e-06	1.35484e-06	1.35484e-06	1.35484e-06	0.0013562	1.35484e-06	1.35484e-06	1.35484e-06	1.35484e-06	1.35484e-06	1.35484e-06	1.35484e-06	
5 1	0.00081637	0.00326426	0.000408389	4.07981e-07	0.00326426	0.000408389	4.07981e-07	0.00122435	0.00081637	4.07981e-07	0.00326426	0.0024483	0.00530416	0.0106079	0.00081637	0.00081637	0.0183596	0.00693609	0.00530416	0.0216234	0.0167276	0.0110159	0.0538539	0.0232553	0.0228474	0.265596	0.0244793	0.0346788	0.0844525	0.0505901	0.029783	0.101996	0.0354948	0.0403906	0.0558938	0.00285628	0.0044882	0.0146877	0.00367224	0.00326426	0.00612013	0.00204031	0.00122435	0.0024483	0.00081637	0.00081637	0.0106079	0.000408389	0.00204031	0.00122435	0.00122435	0.00122435	0.0024483	0.000408389	0.000408389	4.07981e-07	4.07981e-07	4.07981e-07	4.07981e-07	4.07981e-07	4.07981e-07	4.07981e-07	4.07981e-07	4.07981e-07	4.07981e-07	4.07981e-07	4.07981e-07	0.00081637	4.07981e-07	4.07981e-07	4.07981e-07	4.07981e-07	4.07981e-07	4.07981e-07	4.07981e-07	4.07981e-07	4.07981e-07	4.07981e-07	4.07981e-07	4.07981e-07	4.07981e-07	4.07981e-07	4.07981e-07	4.07981e-07	4.07981e-07	4.07981e-07	4.07981e-07	4.07981e-07	4.07981e-07	4.07981e-07	4.07981e-07	4.07981e-07	4.07981e-07	
5 2	1.07864e-06	1.07864e-06	1.07864e-06	1.07864e-06	0.00107972	0.00215836	0.00107972	1.07864e-06	1.07864e-06	1.07864e-06	1.07864e-06	1.07864e-06	0.00215836	1.07864e-06	0.003237	1.07864e-06	0.00431564	0.00215836	0.00107972	0.00107972	0.00539428	0.00107972	1.07864e-06	0.003237	1.07864e-06	0.0086302	0.00107972	1.07864e-06	0.0258884	0.0657981	0.0291244	0.0819778	0.107865	0.0463826	0.181213	0.0550117	0.0431467	0.221122	0.0474613	0.0086302	0.00970884	0.0086302	0.00431564	0.00215836	0.003237	0.00431564	0.00755156	1.07864e-06	1.07864e-06	1.07864e-06	1.07864e-06	1.07864e-06	0.00215836	0.00215836	1.07864e-06	0.00215836	1.07864e-06	1.07864e-06	1.07864e-06	1.07864e-06	1.07864e-06	0.00107972	1.07864e-06	1.07864e-06	1.07864e-06	1.07864e-06	1.07864e-06	1.07864e-06	1.07864e-06	1.07864e-06	1.07864e-06	1.07864e-06	1.07864e-06	0.00107972	1.07864e-06	1.07864e-06	1.07864e-06	1.07864e-06	1.07864e-06	1.07864e-06	1.07864e-06	1.07864e-06	1.07864e-06	1.07864e-06	1.07864e-06	1.07864e-06	1.07864e-06	1.07864e-06	1.07864e-06	1.07864e-06	1.07864e-06	1.07864e-06	1.07864e-06	
5 3	1.8972e-06	1.8972e-06	1.8972e-06	1.8972e-06	1.8972e-06	1.8972e-06	1.8972e-06	1.8972e-06	1.8972e-06	1.8972e-06	1.8972e-06	1.8972e-06	1.8972e-06	1.8972e-06	1.8972e-06	1.8972e-06	1.8972e-06	1.8972e-06	1.8972e-06	1.8972e-06	1.8972e-06	1.8972e-06	1.8972e-06	0.0018991	1.8972e-06	1.8972e-06	1.8972e-06	1.8972e-06	0.00379629	0.00948789	1.8972e-06	0.0151795	0.00569349	1.8972e-06	0.0322543	1.8972e-06	0.0189739	0.176441	0.0910674	0.100553	0.252329	0.119525	0.077787	0.0398431	0.0246655	0.0018991	0.0132823	0.0018991	1.8972e-06	0.00569349	0.0018991	0.0018991	0.00379629	1.8972e-06	1.8972e-06	1.8972e-06	1.8972e-06	1.8972e-06	1.8972e-06	1.8972e-06	1.8972e-06	1.8972e-06	1.8972e-06	1.8972e-06	1.8972e-06	1.8972e-06	1.8972e-06	1.8972e-06	1.8972e-06	1.8972e-06	1.8972e-06	1.8972e-06	1.8972e-06	1.8972e-06	1.8972e-06	1.8972e-06	1.8972e-06	1.8972e-06	1.8972e-06	1.8972e-06	1.8972e-06	1.8972e-06	1.8972e-06	1.8972e-06	1.8972e-06	1.8972e-06	1.8972e-06	1.8972e-06	1.8972e-06	1.8972e-06	1.8972e-06	1.8972e-06	1.8972e-06	
